0.002
0.002
0.002
0.002
0.003
0.001
0.002
0.016
0.002
0.002
0.002
0.004
0.002
0.001
0.001
0.002
0.003
0.001
0.002
0.002
0.003
0.003
0.009
0.003
0.002
0.003
0.002
0.002
0.002
0.002
0.005
0.002
0.002
0.001
0.001
0.002
0.004
0.002
0.002
0.002
0.002
0.002
0.002
0.009
0.002
0.002
0.004
0.011
0.003
0.014
0.002
0.002
0.002
0.002
0.002
0.002
0.003
0.002
0.002
0.002
0.004
0.002
0.001
0.001
0.002
0.002
0.002
0.001
0.008
0.002
0.002
0.003
0.001
0.001
0.002
0.002
0.003
0.001
0.005
0.003
0.001
0.002
0.002
0.004
0.002
0.002
0.001
0.003
0.003
0.002
0.009
0.002
0.002
0.002
0.002
0.004
0.001
0.002
0.004
0.002
