0.004
0.004
0.002
0.003
0.002
0.003
0.006
0.001
0.007
0.002
0.004
0.014
0.002
0.003
0.002
0.004
0.011
0.015
0.003
0.002
0.013
0.004
0.001
0.006
0.21
0.002
0.003
0.003
0.002
0.004
0.001
0.001
0.002
0.003
0.001
0.015
0.001
0.002
0.001
0.002
0.003
0.019
0.001
0.008
0.01
0.012
0.003
0.002
0.002
0.004
0.003
0.002
0.005
0.001
0.003
0.001
0.004
0.001
0.005
0.004
0.003
0.003
0.003
0.002
0.001
0.001
0.001
0.001
0.002
0.003
0.001
0.002
0.006
0.03
0.049
0.015
0.011
0.003
0.013
0.001
0.015
0.007
0.006
0.001
0.002
0.007
0.007
0.005
0.004
0.003
0.002
0.001
0.011
0.004
0.001
0.004
0.005
0.002
0.041
0.004
