0.021
0.005
0.016
0.007
0.014
0.012
0.001
0.003
0.001
0.005
0
0
0.004
0
0.007
0.011
0.013
0
0.02
0.001
0.016
0.038
0.001
0
0.104
16.839
0.033
0.005
0
0
0.005
0.01
0.003
0.002
0.009
0.015
0.001
0.005
0.011
0.016
0.007
0
0.002
0.003
0.005
0.029
0.009
0.005
0
0.002
0.012
0.003
0.004
0.003
0.001
0.913
0.005
0.005
0.004
0.018
0.005
0.005
0.007
0
0.065
0.007
0
0.001
0.003
0.003
0.021
0.003
0.003
0.003
0
0
0.073
0.023
0.004
0.01
0.005
0.003
0.003
0
0
0.007
0.007
0.279
0.003
0
0.004
0
0.007
0.007
0
0.005
0.002
0.002
0.003
0
